154.053200259389 -24.6018090106453
153.014757806579 -20.8961099142586
147.101318809502 -17.3641372342735
145.225920722099 -13.2283077887607
145.137583398895 -10.6411426959987
142.446547355943 -10.5872645213206
142.531860373956 -11.0489495171877
142.702795575506 -11.4512199435956
142.788417072379 -11.919918280261
143.218049483973 -12.7549002326401
143.390607376124 -13.4040020188097
143.390607376124 -13.5599582580461
143.390607376124 -13.7161515532946
143.736915359979 -14.4836447928279
143.910659368837 -14.6331851715827
144.434213835967 -14.3679164053089
145.137583398895 -14.9688049903334
145.049337535889 -15.5971701619428
145.225920722099 -15.8716925080589
145.491477012332 -16.815512669408
145.668963640522 -16.9310220861909
145.935858086237 -17.8038201218284
145.846805288232 -18.1983033602205
146.382422954619 -19.2189272871892
148.554382107081 -20.3325701041668
148.462999686752 -20.6539205833162
149.012367884738 -21.1055269180445
149.472090426384 -22.6545056238398
150.21107515044 -22.8075365431639
150.21107515044 -22.6351763400595
150.582067647016 -22.7317482277851
150.582067647016 -23.2285307305462
150.396450494976 -23.4492883356529
150.954007297564 -23.7802823700083
151.140319647909 -24.1216250783878
151.700565004276 -24.2356631580423
151.794123175929 -24.341474125727
151.794123175929 -24.5154079016161
154.053200259389 -24.6018090106453
